"","Observations","Age 50-54","Age 55-59","Age 60-64"
"Austria",658,0.283,0.359,0.359
"Belgium",1806,0.377,0.389,0.234
"Denmark",832,0.375,0.356,0.269
"France",1320,0.401,0.377,0.222
"Germany",1390,0.391,0.298,0.312
"Greece",1257,0.435,0.335,0.23
"Italy",1150,0.277,0.395,0.329
"Netherlands",1504,0.342,0.399,0.259
"Spain",889,0.355,0.372,0.272
"Sweden",1438,0.32,0.397,0.283
"Switzerland",445,0.389,0.344,0.267
"TOTAL",12689,0.361,0.369,0.271
